[background.jpg]
moddate=98aa3ad80dcecf01
width=1280
height=800
text=1;129;7;Dhvanil;Vivaldi;0.586093,0.094445,0.181710,6.087315;v1,4294967295,4294967295,128.000000,1.000000,0.046729,0.832031,400,2,49152;;
textactive=1
